1,2,3,4,5,6,7,8,9
set 101, 194
mul 100,1,101
set 103, 9
mul 102,2,103
add 104,100,102
set 106, 9
mul 105,3,106
add 107,104,105
set 109, 65
mul 108,4,109
add 110,107,108
set 112, 206
mul 111,5,112
add 113,110,111
set 115, 64
mul 114,6,115
add 116,113,114
set 118, 13
mul 117,7,118
add 119,116,117
set 121, 70
mul 120,8,121
add 122,119,120
set 124, 9
mul 123,9,124
add 125,122,123
set 126, 224
add 127,125,126
set 129, 222
mul 128,1,129
set 131, 234
mul 130,2,131
add 132,128,130
set 134, 12
mul 133,3,134
add 135,132,133
set 137, 227
mul 136,4,137
add 138,135,136
set 140, 239
mul 139,5,140
add 141,138,139
set 143, 157
mul 142,6,143
add 144,141,142
set 146, 254
mul 145,7,146
add 147,144,145
set 149, 247
mul 148,8,149
add 150,147,148
set 152, 6
mul 151,9,152
add 153,150,151
set 154, 216
add 155,153,154
set 157, 70
mul 156,1,157
set 159, 110
mul 158,2,159
add 160,156,158
set 162, 18
mul 161,3,162
add 163,160,161
set 165, 19
mul 164,4,165
add 166,163,164
set 168, 245
mul 167,5,168
add 169,166,167
set 171, 9
mul 170,6,171
add 172,169,170
set 174, 80
mul 173,7,174
add 175,172,173
set 177, 175
mul 176,8,177
add 178,175,176
set 180, 82
mul 179,9,180
add 181,178,179
set 182, 42
add 183,181,182
set 185, 91
mul 184,1,185
set 187, 48
mul 186,2,187
add 188,184,186
set 190, 242
mul 189,3,190
add 191,188,189
set 193, 196
mul 192,4,193
add 194,191,192
set 196, 231
mul 195,5,196
add 197,194,195
set 199, 236
mul 198,6,199
add 200,197,198
set 202, 116
mul 201,7,202
add 203,200,201
set 205, 23
mul 204,8,205
add 206,203,204
set 208, 12
mul 207,9,208
add 209,206,207
set 210, 4
add 211,209,210
set 213, 12
mul 212,1,213
set 215, 221
mul 214,2,215
add 216,212,214
set 218, 61
mul 217,3,218
add 219,216,217
set 221, 63
mul 220,4,221
add 222,219,220
set 224, 55
mul 223,5,224
add 225,222,223
set 227, 6
mul 226,6,227
add 228,225,226
set 230, 152
mul 229,7,230
add 231,228,229
set 233, 179
mul 232,8,233
add 234,231,232
set 236, 229
mul 235,9,236
add 237,234,235
set 238, 209
add 239,237,238
set 241, 8
mul 240,1,241
set 243, 205
mul 242,2,243
add 244,240,242
set 246, 103
mul 245,3,246
add 247,244,245
set 249, 4
mul 248,4,249
add 250,247,248
set 252, 198
mul 251,5,252
add 253,250,251
set 255, 203
mul 254,6,255
add 256,253,254
set 258, 6
mul 257,7,258
add 259,256,257
set 261, 83
mul 260,8,261
add 262,259,260
set 264, 47
mul 263,9,264
add 265,262,263
set 266, 29
add 267,265,266
set 269, 175
mul 268,1,269
set 271, 43
mul 270,2,271
add 272,268,270
set 274, 154
mul 273,3,274
add 275,272,273
set 277, 227
mul 276,4,277
add 278,275,276
set 280, 41
mul 279,5,280
add 281,278,279
set 283, 99
mul 282,6,283
add 284,281,282
set 286, 169
mul 285,7,286
add 287,284,285
set 289, 208
mul 288,8,289
add 290,287,288
set 292, 244
mul 291,9,292
add 293,290,291
set 294, 2
add 295,293,294
set 297, 54
mul 296,1,297
set 299, 160
mul 298,2,299
add 300,296,298
set 302, 170
mul 301,3,302
add 303,300,301
set 305, 9
mul 304,4,305
add 306,303,304
set 308, 231
mul 307,5,308
add 309,306,307
set 311, 59
mul 310,6,311
add 312,309,310
set 314, 248
mul 313,7,314
add 315,312,313
set 317, 60
mul 316,8,317
add 318,315,316
set 320, 129
mul 319,9,320
add 321,318,319
set 322, 34
add 323,321,322
set 325, 247
mul 324,1,325
set 327, 254
mul 326,2,327
add 328,324,326
set 330, 73
mul 329,3,330
add 331,328,329
set 333, 185
mul 332,4,333
add 334,331,332
set 336, 52
mul 335,5,336
add 337,334,335
set 339, 235
mul 338,6,339
add 340,337,338
set 342, 22
mul 341,7,342
add 343,340,341
set 345, 33
mul 344,8,345
add 346,343,344
set 348, 30
mul 347,9,348
add 349,346,347
set 350, 6
add 351,349,350
set 353, 211
mul 352,1,353
set 355, 238
mul 354,2,355
add 356,352,354
set 358, 183
mul 357,3,358
add 359,356,357
set 361, 32
mul 360,4,361
add 362,359,360
set 364, 65
mul 363,5,364
add 365,362,363
set 367, 205
mul 366,6,367
add 368,365,366
set 370, 224
mul 369,7,370
add 371,368,369
set 373, 214
mul 372,8,373
add 374,371,372
set 376, 238
mul 375,9,376
add 377,374,375
set 378, 253
add 379,377,378
127,155,183,211,239,267,295,323,351,379
